OPGAVE A del 1 Gram-Schmidt)

Vi printer A så vi har den til sammenligning
  0.840188   0.394383   0.783099    0.79844   0.911647 
  0.197551   0.335223    0.76823   0.277775    0.55397 
  0.477397   0.628871   0.364784   0.513401    0.95223 
  0.916195   0.635712   0.717297   0.141603   0.606969 
 0.0163006   0.242887   0.137232   0.804177   0.156679 
  0.400944    0.12979   0.108809   0.998925   0.218257 
  0.512932   0.839112    0.61264   0.296032   0.637552 
  0.524287   0.493583   0.972775   0.292517   0.771358 
  0.526745   0.769914   0.400229   0.891529   0.283315 
  0.352458   0.807725   0.919026  0.0697553   0.949327 

Q som er blevet gemt i A
  0.492277  -0.433573   0.176396    0.19142   0.233001 
  0.115748   0.168402   0.555353   0.210875 -0.0946739 
  0.279713   0.204921  -0.296849 0.00981816   0.760376 
  0.536811  -0.243522  -0.123446  -0.458633  -0.270278 
0.00955073   0.253845 -0.0267931   0.580149 -0.0504412 
  0.234919  -0.272026  -0.187301   0.511776 0.00281923 
  0.300534   0.402379  -0.178301  -0.173178  -0.093336 
  0.307187 0.00535704   0.501319  0.0253398  -0.105818 
  0.308627   0.310875  -0.386904   0.239501  -0.480173 
   0.20651   0.534176   0.297496  -0.148219   0.180275 

Det ses at R er upper triangular
   1.70674    1.59114    1.78464    1.35555    1.86989 
         0   0.896966    0.56222   0.138822     0.5816 
         0          0   0.840875  -0.313748    0.51161 
         0          0          0    1.28861  0.0611774 
         0          0          0          0   0.606652 

Det ses at Q^(T)Q giver idenditet
         1          0          0          0          0 
         0          1          0          0          0 
         0          0          1          0          0 
         0          0          0          1          0 
         0          0          0          0          1 

Det tjekkes om QR=A, som var den første matrix der blev printet
  0.840188   0.394383   0.783099    0.79844   0.911647 
  0.197551   0.335223    0.76823   0.277775    0.55397 
  0.477397   0.628871   0.364784   0.513401    0.95223 
  0.916195   0.635712   0.717297   0.141603   0.606969 
 0.0163006   0.242887   0.137232   0.804177   0.156679 
  0.400944    0.12979   0.108809   0.998925   0.218257 
  0.512932   0.839112    0.61264   0.296032   0.637552 
  0.524287   0.493583   0.972775   0.292517   0.771358 
  0.526745   0.769914   0.400229   0.891529   0.283315 
  0.352458   0.807725   0.919026  0.0697553   0.949327 

OPGAVE A del 2 lignings løsning)

Vi ønsker at løse for Ax=b hvor A er:
  0.525995  0.0860558   0.192214   0.663227   0.890233   0.348893  0.0641713   0.020023   0.457702  0.0630958 
   0.23828   0.970634   0.902208    0.85092   0.266666    0.53976   0.375207   0.760249   0.512535   0.667724 
  0.531606  0.0392803   0.437638   0.931835    0.93081   0.720952   0.284293   0.738534   0.639979   0.354049 
  0.687861   0.165974   0.440105   0.880075   0.829201   0.330337   0.228968   0.893372    0.35036    0.68667 
  0.956468    0.58864   0.657304   0.858676    0.43956    0.92397   0.398437   0.814767   0.684219   0.910972 
  0.482491   0.215825   0.950252   0.920128    0.14766   0.881062   0.641081   0.431953   0.619596   0.281059 
  0.786002   0.307458   0.447034   0.226107   0.187533   0.276235   0.556444   0.416501   0.169607   0.906804 
  0.103171   0.126075   0.495444   0.760475   0.984752   0.935004   0.684445   0.383188   0.749771   0.368664 
   0.29416   0.232262   0.584489   0.244413    0.15239   0.732149   0.125475    0.79347   0.164102   0.745071 
 0.0745298   0.950104  0.0525293   0.521563   0.176211   0.240062   0.797798   0.732654   0.656564   0.967405 

og b er:
  0.639458 
  0.759735 
 0.0934805 
  0.134902 
   0.52021 
 0.0782321 
 0.0699064 
  0.204655 
   0.46142 
  0.819677 

Når vi har brugt vores rotiner GS_decomp og GS_solve på A og gemt resultatet i x får vi x til
  -4.79782 
  -8.82436 
   8.21491 
  -2.22021 
  -2.51677 
   -9.3676 
  -10.3349 
  -5.14511 
   20.3933 
   11.9963 

Vi tjekker om alt gør som det skal, ved at gange A med x og ser om det giver b
  0.639458 
  0.759735 
 0.0934805 
  0.134902 
   0.52021 
 0.0782321 
 0.0699064 
  0.204655 
   0.46142 
  0.819677 

Det ses at de to er ens


OPGAVE B Matrix invers)


Her er matricen vi kigger på i opgave B
  0.573319   0.755581  0.0519388   0.157807   0.999994 
  0.204329   0.889956   0.125468   0.997799  0.0540576 
   0.87054  0.0723288 0.00416161   0.923069   0.593892 
  0.180372   0.163131    0.39169   0.913027   0.819695 
  0.359095   0.552485    0.57943   0.452576   0.687387 

Her er dens udregnede invers
 -0.263158  -0.265796    1.25073   -1.45025    1.05252 
  0.542051   0.720166  -0.475423  -0.451747   0.104261 
  -1.10069  -0.367823 -0.0109626  -0.512241    2.25049 
 -0.337312   0.484893   0.190276   0.705366  -0.552951 
  0.851715  -0.449176  -0.387308    1.08809   -0.71184 

Her ses at A*B giver identitets matricen
         1          0          0          0          0 
         0          1          0          0          0 
         0          0          1          0          0 
         0          0          0          1          0 
         0          0          0          0          1 

Det samme fås for B*A
         1          0          0          0          0 
         0          1          0          0          0 
         0          0          1          0          0 
         0          0          0          1          0 
         0          0          0          0          1 

Vi konkluderer altså, at vores invers routine med Gram_Schmidt virker og at B=A^(-1)


OPGAVE C Sammenligning med GSL)

tiden det tog for at decompose en n=100 sqaure matrix=
  0.006528

tiden det tog for at decompose en n=500 sqaure matrix=
  0.765341

Tidsforskellen for tid(n=500)/tid(n=100)=
    117.24

Det ses at når n bliver 5 gange større er tiden blevet ca 5^3=125 gange større som forventet.

Tiden det tog for at decompose en n=500 sqaure matrix med GSL=
  0.101193

Tidsforskellen for minkode/GSL
   7.56318

Det ses at GSL's metode er noget hurtigere end min