Opgave A del 1)

Vi printer A så vi har den til sammenligning
  0.840188   0.394383   0.783099 
   0.79844   0.911647   0.197551 
  0.335223    0.76823   0.277775 
   0.55397   0.477397   0.628871 
  0.364784   0.513401    0.95223 
pause
Q som er den nye A
   0.61022  -0.601989  0.0815511 
  0.579899   0.257835  -0.580095 
  0.243469   0.704145 -5.90794e-05 
  0.402343  -0.060901   0.194335 
  0.264939   0.267584   0.786812 
Det ses at R er upper triangular
   1.37686    1.28446    1.16536 
         0   0.646889 -0.00838569 
         0          0   0.820685 
Det ses at Q^(T)Q giver idenditet
         1 -2.91434e-16 -8.32667e-17 
-2.91434e-16          1 -2.77556e-17 
-8.32667e-17 -2.77556e-17          1 
Det tjekkes om QR=A, som var den første matrix der blev printet
  0.840188   0.394383   0.783099 
   0.79844   0.911647   0.197551 
  0.335223    0.76823   0.277775 
   0.55397   0.477397   0.628871 
  0.364784   0.513401    0.95223 
Opgave A del 2)

Tjekker om b og Ax er ens
b var fra starten af
  0.526745 
  0.769914 
  0.400229 
  0.891529 
  0.283315 
A*x giver
  0.526745 
  0.769914 
  0.400229 
  0.891529 
  0.283315 
Det ses at de to er ens
