
=  11, sin(x)=  -0.99999, cos(x)= 0.0044257 
x=  12, sin(x)= -0.536573, cos(x)=  0.843854 
x=  13, sin(x)=  0.420167, cos(x)=  0.907447 
x=  14, sin(x)=  0.990607, cos(x)=  0.136737 
x=  15, sin(x)=  0.650288, cos(x)= -0.759688 
