#index0:stof der ikke skal plottes

OPGAVE A

Min symmetriske tilfældige matrice
  0.840188   0.394383   0.783099    0.79844   0.911647   0.197551   0.335223    0.76823 
  0.394383   0.277775    0.55397   0.477397   0.628871   0.364784   0.513401    0.95223 
  0.783099    0.55397   0.916195   0.635712   0.717297   0.141603   0.606969  0.0163006 
   0.79844   0.477397   0.635712   0.242887   0.137232   0.804177   0.156679   0.400944 
  0.911647   0.628871   0.717297   0.137232    0.12979   0.108809   0.998925   0.218257 
  0.197551   0.364784   0.141603   0.804177   0.108809   0.512932   0.839112    0.61264 
  0.335223   0.513401   0.606969   0.156679   0.998925   0.839112   0.296032   0.637552 
   0.76823    0.95223  0.0163006   0.400944   0.218257    0.61264   0.637552   0.524287 

Min A efter Jacobi algorithmen, hvilket skulles svare til D
   -1.2283          0          0          0          0          0          0          0 
         0  -0.939383          0          0          0          0          0          0 
         0          0  -0.537476          0          0          0          0          0 
         0          0          0  0.0383854          0          0          0          0 
         0          0          0          0   0.487775          0          0          0 
         0          0          0          0          0   0.579752          0          0 
         0          0          0          0          0          0    1.14613          0 
         0          0          0          0          0          0          0     4.1932 

Min V matrice med egenvektorer
 -0.339677   0.268574  0.0620133   0.462449   0.352248   0.458269   0.275867   0.429641 
 -0.319518   0.272702  -0.456665  -0.634653    0.23661  -0.116131  -0.144954   0.348902 
  0.115932   0.108697    0.44792  -0.393412  -0.388358  -0.040083   0.569037   0.378295 
 0.0568327  -0.588892  -0.356576 -0.0679772  -0.358401   0.535785 -0.0787713   0.310625 
  0.604733  -0.015531  -0.439595   0.266392    0.17907  -0.378293   0.277463   0.343062 
  0.143622   0.533924 0.00123673   0.237358  -0.529569  0.0029939  -0.522538    0.29062 
 -0.497192  -0.411756   0.143379   0.257252  -0.121403  -0.580248  -0.119281   0.361755 
  0.363771  -0.200084   0.496015  -0.174586    0.46197  0.0896058  -0.456748   0.347941 

Vi udregner V^(T)AV med gsl_blas og ser at det give vores D igen:
   -1.2283          0          0          0          0          0          0          0 
         0  -0.939383          0          0          0          0          0          0 
         0          0  -0.537476          0          0          0          0          0 
         0          0          0  0.0383854          0          0          0          0 
         0          0          0          0   0.487775          0          0          0 
         0          0          0          0          0   0.579752          0          0 
         0          0          0          0          0          0    1.14613          0 
         0          0          0          0          0          0          0     4.1932 

Vi udregner VDV^(T) og ser at vi får A igen
  0.840188   0.394383   0.783099    0.79844   0.911647   0.197551   0.335223    0.76823 
  0.394383   0.277775    0.55397   0.477397   0.628871   0.364784   0.513401    0.95223 
  0.783099    0.55397   0.916195   0.635712   0.717297   0.141603   0.606969  0.0163006 
   0.79844   0.477397   0.635712   0.242887   0.137232   0.804177   0.156679   0.400944 
  0.911647   0.628871   0.717297   0.137232    0.12979   0.108809   0.998925   0.218257 
  0.197551   0.364784   0.141603   0.804177   0.108809   0.512932   0.839112    0.61264 
  0.335223   0.513401   0.606969   0.156679   0.998925   0.839112   0.296032   0.637552 
   0.76823    0.95223  0.0163006   0.400944   0.218257    0.61264   0.637552   0.524287 

Vi udregner V^(T)V og ser at vi får en identitets matrice ud
         1          0          0          0          0          0          0          0 
         0          1          0          0          0          0          0          0 
         0          0          1          0          0          0          0          0 
         0          0          0          1          0          0          0          0 
         0          0          0          0          1          0          0          0 
         0          0          0          0          0          1          0          0 
         0          0          0          0          0          0          1          0 
         0          0          0          0          0          0          0          1 

Vi konkluderer at vores matrix diagonalisations rountine fungerer som tiltænkt.

OPGAVE B

Vi forsøger nu at bruge vores routine på et typisk kvante fysik problem, nemlig en partikel i en boks
Min Hamilton(H):
       882       -441          0          0          0          0          0          0          0          0          0          0          0          0          0          0          0          0          0          0 
      -441        882       -441          0          0          0          0          0          0          0          0          0          0          0          0          0          0          0          0          0 
         0       -441        882       -441          0          0          0          0          0          0          0          0          0          0          0          0          0          0          0          0 
         0          0       -441        882       -441          0          0          0          0          0          0          0          0          0          0          0          0          0          0          0 
         0          0          0       -441        882       -441          0          0          0          0          0          0          0          0          0          0          0          0          0          0 
         0          0          0          0       -441        882       -441          0          0          0          0          0          0          0          0          0          0          0          0          0 
         0          0          0          0          0       -441        882       -441          0          0          0          0          0          0          0          0          0          0          0          0 
         0          0          0          0          0          0       -441        882       -441          0          0          0          0          0          0          0          0          0          0          0 
         0          0          0          0          0          0          0       -441        882       -441          0          0          0          0          0          0          0          0          0          0 
         0          0          0          0          0          0          0          0       -441        882       -441          0          0          0          0          0          0          0          0          0 
         0          0          0          0          0          0          0          0          0       -441        882       -441          0          0          0          0          0          0          0          0 
         0          0          0          0          0          0          0          0          0          0       -441        882       -441          0          0          0          0          0          0          0 
         0          0          0          0          0          0          0          0          0          0          0       -441        882       -441          0          0          0          0          0          0 
         0          0          0          0          0          0          0          0          0          0          0          0       -441        882       -441          0          0          0          0          0 
         0          0          0          0          0          0          0          0          0          0          0          0          0       -441        882       -441          0          0          0          0 
         0          0          0          0          0          0          0          0          0          0          0          0          0          0       -441        882       -441          0          0          0 
         0          0          0          0          0          0          0          0          0          0          0          0          0          0          0       -441        882       -441          0          0 
         0          0          0          0          0          0          0          0          0          0          0          0          0          0          0          0       -441        882       -441          0 
         0          0          0          0          0          0          0          0          0          0          0          0          0          0          0          0          0       -441        882       -441 
         0          0          0          0          0          0          0          0          0          0          0          0          0          0          0          0          0          0       -441          0 

H efter jacobi
    -220.5          0          0          0          0          0          0          0          0          0          0          0          0          0          0          0          0          0          0          0 
         0    11.9961          0          0          0          0          0          0          0          0          0          0          0          0          0          0          0          0          0 -1.2716e-06 
         0          0    47.3161          0          0          0          0          0          0          0          0          0          0          0          0          0          0          0          0          0 
         0          0          0     104.28          0          0          0          0          0          0          0          0          0          0          0          0          0          0          0          0 
         0          0          0          0    180.728          0          0          0          0          0          0          0          0          0          0          0          0          0          0          0 
         0          0          0          0          0    274.277          0          0          0 1.95835e-06          0          0          0          0          0          0          0          0          0          0 
         0          0          0          0          0          0    382.362          0          0          0          0          0          0          0          0          0          0          0          0          0 
         0          0          0          0          0          0          0    502.222          0          0          0          0          0          0          0          0          0          0          0          0 
         0          0          0          0          0          0          0          0    630.907          0 1.10843e-06          0          0          0          0          0          0          0          0          0 
         0          0          0          0          0 1.95835e-06          0          0          0    765.316          0          0          0          0          0          0          0 4.65496e-06          0 -1.18516e-06 
         0          0          0          0          0          0          0          0 1.10843e-06          0     902.24          0          0          0          0          0          0 -1.43619e-06 -4.49602e-06          0 
         0          0          0          0          0          0          0          0          0          0          0    1038.43          0          0          0          0          0 1.77309e-06 2.84152e-06          0 
         0          0          0          0          0          0          0          0          0          0          0          0    1170.68          0          0          0 -2.41431e-06          0          0          0 
         0          0          0          0          0          0          0          0          0          0          0          0          0    1295.86          0          0          0          0          0          0 
         0          0          0          0          0          0          0          0          0          0          0          0          0          0    1411.02          0          0          0          0          0 
         0          0          0          0          0          0          0          0          0          0          0          0          0          0          0    1513.46          0          0          0          0 
         0          0          0          0          0          0          0          0          0          0          0          0 -2.41431e-06          0          0          0    1600.78          0          0          0 
         0          0          0          0          0          0          0          0          0 4.65496e-06 -1.43619e-06 1.77309e-06          0          0          0          0          0    1670.91          0          0 
         0          0          0          0          0          0          0          0          0          0 -4.49602e-06 2.84152e-06          0          0          0          0          0          0    1722.22          0 
         0 -1.2716e-06          0          0          0          0          0          0          0 -1.18516e-06          0          0          0          0          0          0          0          0          0    1753.49 

Mit V som er eigenfunktioner:
1.23883e-06  0.0532199  -0.104115    0.15113  -0.193362   0.230153  -0.260912   0.285109  -0.302301   0.312167   0.314533  -0.309384    0.29687  -0.277307   0.251171  -0.219089   0.181826   0.140265  0.0953918 -0.0482657 
3.09714e-06   0.104992  -0.197058   0.266524  -0.307482   0.317163  -0.295605   0.245529  -0.172121  0.0825963 -0.0144357   0.109746   -0.19433   0.260238  -0.301303   0.313712  -0.296355  -0.250923  -0.181746  0.0953814 
6.50404e-06   0.153908  -0.268859   0.318895  -0.295592   0.206917 -0.0739981 -0.0736656     0.2043  -0.290313  -0.313871   0.270455  -0.169662  0.0330869    0.11027  -0.230113   0.301199   0.308616   0.250882  -0.140225 
1.31629e-05   0.198638  -0.311813   0.295859  -0.162564 -0.0320204   0.211767  -0.308968   0.288444   -0.15941  0.0288409  -0.205683   0.305391  -0.291288   0.169023  0.0157849  -0.194564  -0.301166  -0.296249   0.181727 
2.64032e-05   0.237964  -0.321312   0.202864  0.0370845  -0.251043   0.313924   -0.19241 -0.0400685   0.248135   0.312547  -0.197495  -0.030246   0.240272  -0.313029    0.20751  0.0159189   0.230146   0.313549    -0.2189 
5.28451e-05   0.270817  -0.296337  0.0618986   0.221535  -0.313931   0.143897   0.143269  -0.311258   0.225064 -0.0431854   0.275739  -0.285592  0.0658055   0.206485  -0.312917   0.168618  -0.110546  -0.301144   0.250858 
0.00010571   0.296304  -0.239567 -0.0937031   0.315198  -0.181572  -0.150893    0.31579  -0.137152  -0.188585  -0.310565  0.0996836   0.217194  -0.302027  0.0653314   0.240554  -0.290748 -0.0323883   0.260208  -0.276839 
0.000211429    0.31373  -0.157092  -0.227148   0.279689  0.0637143  -0.314854   0.128682   0.233167  -0.274962   0.057439  -0.311099   0.143417   0.217631  -0.284856 -0.0315299   0.305267   0.168486   -0.19462   0.296224 
0.000422862   0.322622 -0.0577635   -0.30688   0.129559   0.269374  -0.205826  -0.204973   0.269911   0.115833   0.307929  0.0106704  -0.311074  0.0977914    0.27638  -0.195406  -0.206802  -0.269019   0.110594  -0.308552 
0.000845727   0.322739  0.0477631  -0.314047 -0.0736655   0.307498  0.0816597  -0.305199 -0.0794876    0.30561 -0.0715715   0.307314  0.0602109  -0.309404 -0.0466879   0.311331  0.0317968   0.312768 -0.0160899   0.313528 
0.00169146   0.314076   0.148165  -0.246954  -0.246701   0.154376   0.298344 -0.0578572  -0.315169 -0.0349714  -0.304644  -0.119682    0.27166   0.192568  -0.220374  -0.250386   0.154977  -0.290497 -0.0799385  -0.311035 
0.00338291   0.296869    0.23267  -0.121465  -0.318635 -0.0947589   0.256354   0.255374 -0.0999604  -0.314863  0.0855533   -0.26486  -0.238039   0.128689   0.311047  0.0471951  -0.284391   0.206908   0.168394   0.301131 
0.00676582   0.271588   0.292211  0.0327455  -0.259989  -0.284959 -0.0079035   0.277779   0.258254 -0.0483383   0.300718   0.213634  -0.115841  -0.313335  -0.152756   0.182808   0.308548 -0.0796444  -0.240895  -0.284053 
 0.0135316   0.238918     0.3204   0.179213 -0.0947952  -0.297931  -0.265308 -0.0161574   0.247003   0.302073 -0.0993549   0.189079   0.313868    0.16536  -0.127801  -0.308956  -0.218507 -0.0644303   0.290574   0.260208 
 0.0270633   0.199749   0.314212   0.283303   0.109247  -0.125607  -0.292682  -0.291693  -0.117618   0.128264  -0.296158  -0.280704 -0.0896166   0.158153   0.306066   0.259584  0.0475927   0.194905  -0.312724  -0.230163 
 0.0541266   0.155147   0.274312   0.320403   0.268518   0.124838 -0.0662905  -0.235042  -0.313971  -0.268136   0.112947 -0.0895064  -0.255205  -0.313779  -0.239353 -0.0627407   0.140936  -0.284239   0.305246   0.194634 
  0.108253   0.106325    0.20498    0.28174   0.317747    0.29764   0.217577  0.0892811  -0.061148   -0.19921   0.290974   0.312454   0.256673   0.136312 -0.0189392  -0.169746  -0.277302   0.313576  -0.268849  -0.154468 
  0.216506  0.0546101   0.113655   0.176455   0.236759   0.285328   0.312798   0.311928   0.279155   0.215427  -0.126302 -0.0213285  0.0871876   0.185857   0.262073   0.305799   0.311035  -0.276722   0.206982   0.110622 
  0.433013 0.00140985   0.010136  0.0294458  0.0587444  0.0955577   0.136813   0.179344   0.220091    0.25621  -0.285177  -0.304889  -0.313746  -0.310729  -0.295442  -0.268125  -0.229649   0.181458  -0.125505  -0.064141 
  0.866025 -0.0518287 -0.0944707  -0.124526  -0.143344  -0.153644  -0.157794  -0.157482  -0.153842  -0.147636    0.13939    0.12948    0.11819   0.105746  0.0923372  0.0781276  0.0632661 -0.0478918  0.0321374  0.0161313 

k: calculated vs exact (hbar^2/2mL^2=1)
0 11.9961 9.8696
1 47.3161 39.4784
2 104.28 88.8264
3 180.728 157.914
4 274.277 246.74
5 382.362 355.306

Et plot af nogle af de lavt liggende energi eigenfunktionerne kan ses sammen med de analytiske på eigenfunctions.png

OPGAVE C

Nu undersøges tiden af vores operationer
Vi undersøger tiden det tager for vores routine at køre, først for n=100 så n=1000
Det tog 0.002023 i CPU tid at køre jacobi diag for n=25
Det tog 2.28081 i CPU tid at køre jacobi diag for n=250
Tiden delt med hinanden giver 1127.44
Det ses at forskellen er næsten 1000, hvilket er at forvente, hvis der bruges N^3 operatrioner

Nu sammenligner vi vores rotine med GSL. For den samme n=250 matrice tog den 0.022674 i CPU tid.
Tiden i forhold til hinanden hvor vi har MinMetode/GSL giver 100.591
Det ses at GSL er noget hurtigere,


#index1: numerical vs analytical(Til plotning)
0.047619 1.23883e-06 1.55322 2.89589 0.0840881 1.6663 2.75521
0.0952381 3.09714e-06 1.60499 2.80294 0.166298 1.81782 2.5589
0.142857 6.50404e-06 1.65391 2.73114 0.244793 1.9411 2.44996
0.190476 1.31629e-05 1.69864 2.68819 0.317819 2.02519 2.44996
0.238095 2.64032e-05 1.73796 2.67869 0.383746 2.06261 2.5589
0.285714 5.28451e-05 1.77082 2.70366 0.441101 2.05004 2.75521
0.333333 0.00010571 1.7963 2.76043 0.488603 1.9886      3
0.380952 0.000211429 1.81373 2.84291 0.525189 1.88375 3.24479
0.428571 0.000422862 1.82262 2.94224 0.550044 1.74479 3.4411
0.47619 0.000845727 1.82274 3.04776 0.562612 1.58409 3.55004
0.52381 0.00169146 1.81408 3.14817 0.562612 1.41591 3.55004
0.571429 0.00338291 1.79687 3.23267 0.550044 1.25521 3.4411
0.619048 0.00676582 1.77159 3.29221 0.525189 1.11625 3.24479
0.666667 0.0135316 1.73892 3.3204 0.488603 1.0114      3
0.714286 0.0270633 1.69975 3.31421 0.441101 0.949956 2.75521
0.761905 0.0541266 1.65515 3.27431 0.383746 0.937388 2.5589
0.809524 0.108253 1.60632 3.20498 0.317819 0.974811 2.44996
0.857143 0.216506 1.55461 3.11366 0.244793 1.0589 2.44996
0.904762 0.433013 1.50141 3.01014 0.166298 1.18218 2.5589
0.952381 0.866025 1.44817 2.90553 0.0840881 1.3337 2.75521
